Average: 18.969079409697823
Failed: 141 / 4269
Average time: 3.4867980000000003 ms
